1234 7 5 8
1245 4 6 7
1356 8 9 5
1467 10 7 6
1578 6 5 4
1689 7 9 8
1790 8 8 10
1901 5 7 6
2012 3 4 5
2123 6 5 8
2234 8 9 9
2345 9 10 6
2345 7 8 7
2456 9 10 6
2567 5 4 5
2678 6 6 8
2789 4 3 4
2890 7 10 9
3012 8 7 6
3123 10 8 5
3234 6 6 7
3345 9 9 8
3456 4 5 6
3456 6 7 9
3567 7 8 9
3678 8 7 6
3789 10 10 1
3890 5 6 5
4012 4 3 8
4123 7 8 9
4234 6 5 7
4345 8 9 6
4456 10 7 8
4567 5 4 5
4678 6 7 8
4789 9 10 9
4890 4 6 7
5012 7 8 6
5123 10 10 9
5234 5 4 3
5345 8 7 8
5456 6 5 4
5567 9 9 10
5678 4 6 5
5678 5 6 4
5789 7 8 9
5890 10 10 7
6012 5 3 6
6123 8 9 5
6234 6 5 8
6345 9 7 9
6456 4 8 6
6567 10 10 10
6678 5 6 7
6789 7 9 8
6789 4 9 10
6890 6 8 9
7012 9 10 6
7123 4 7 5
7234 8 9 10
7345 6 5 8
7456 10 7 6
7567 5 4 4
7678 7 8 9
7789 9 6 7
7890 10 10 5
7890 8 10 8
8012 4 3 6
8123 8 5 8
8234 9 9 9
8345 6 4 7
8456 7 8 5
8567 10 10 10
8678 5 3 7
8789 4 6 9
8890 8 9 10
9012 7 8 5
9012 3 2 5
9123 6 5 8
9234 9 7 10
9345 4 3 4
9456 10 9 8
9567 5 6 7
9678 7 8 9
9789 8 7 5
9890 10 10 6
