1 50 0 500 3 16
2 0 0 0 0 0
3 40 34 123 11 10
4 0 0 0 0 0
5 23 12 22 22 167
6 23 333 45 12 45
7 0 0 0 0 0
8 23 45 567 21 23
9 0 0 0 0 0
10 345 23 45 56 11
11 0 0 0 0 0
12 0 0 0 0 0
13 0 0 0 0 0
14 0 0 0 0 0
15 0 0 0 0 0
16 34 42 12 45 66
17 45 45 45 45 45
18 0 0 0 0 0
19 190 109 345 11 22
20 0 0 0 0 0
21 23 345 32 11 11
22 39 0 0 4 0
23 0 0 0 0 0
24 0 0 0 0 0
25 0 0 0 0 0
26 34 0 32 1 1
27 0 0 0 0 0
28 0 0 0 0 0
29 0 0 0 0 0
30 34 45 32 22 22
31 100 100 0 0 0
32 0 0 0 0 0
33 0 0 0 0 0
34 111 111 0 0 99
35 0 0 0 0 0
36 0 0 0 0 0
37 0 0 0 0 0
38 0 0 0 0 0
39 0 0 0 0 0
40 0 0 0 0 0
41 0 0 0 0 0
42 0 0 0 0 0
43 0 0 0 0 0
44 0 0 0 0 0
46 0 0 0 0 0
47 0 0 0 0 0
48 0 0 0 0 0
49 0 0 0 0 0
50 0 0 0 0 0
999 0 0 0 0 0